freq baseline nonperiodic diff
6.000000000 0.201098620042 0.168846863007 0.0322517570343
6.018000000 0.205420854699 0.172676921739 0.03274393296
6.036000000 0.2098258728 0.176588517709 0.0332373550905
6.054000000 0.214313985739 0.180582472699 0.0337315130399
6.072000000 0.218885380603 0.184659510534 0.0342258700697
6.090000000 0.223540109543 0.188820245344 0.0347198641985
6.108000000 0.22827807877 0.193065169085 0.0352129096846
6.126000000 0.233099037235 0.197394638314 0.035704398921
6.144000000 0.238002565025 0.201808860245 0.03619370478
6.162000000 0.242988061546 0.206307878105 0.036680183441
6.180000000 0.248054733559 0.21089155582 0.0371631777385
6.198000000 0.253201583162 0.215559562104 0.0376420210576
6.216000000 0.258427395803 0.220311353999 0.0381160418048
6.234000000 0.263730728438 0.225146159967 0.0385845684705
6.252000000 0.269109897951 0.230062962655 0.0390469352964
6.270000000 0.274562969987 0.235060481441 0.0395024885462
6.288000000 0.28008774832 0.240137154949 0.0399505933704
6.306000000 0.285681764936 0.245291123699 0.0403906412368
6.324000000 0.291342271003 0.250520213116 0.0408220578876
6.342000000 0.297066228899 0.255821917139 0.0412443117601
6.360000000 0.302850305493 0.2611933827 0.0416569227926
6.378000000 0.308690866891 0.266631395379 0.0420594715114
6.396000000 0.314583974825 0.272132366551 0.0424516082745
6.414000000 0.320525384914 0.277692322391 0.0428330625221
6.432000000 0.326510546967 0.283306895107 0.0432036518603
6.450000000 0.332534607557 0.288971316773 0.0435632907841
6.468000000 0.338592415013 0.294680416193 0.0439119988194
6.486000000 0.344678527016 0.300428619165 0.0442499078511
6.504000000 0.350787220941 0.306209952553 0.0445772683876
6.522000000 0.356912507046 0.312018052545 0.0448944545015
6.540000000 0.363048144617 0.317846177427 0.0452019671903
6.558000000 0.369187661086 0.323687225185 0.0455004359005
6.576000000 0.375324374149 0.329533756172 0.0457906179776
6.594000000 0.381451416834 0.335378021005 0.0460733958296
6.612000000 0.38756176541 0.341211993785 0.0463497716248
6.630000000 0.393648270016 0.347027410622 0.0466208593947
6.648000000 0.399703687788 0.352815813322 0.0468878744658
6.666000000 0.405720718229 0.358568598015 0.0471521202134
6.684000000 0.411692040529 0.364277068327 0.0474149722022
6.702000000 0.417610352453 0.369932492593 0.0476778598595
6.720000000 0.4234684104 0.37552616449 0.0479422459099
6.738000000 0.429259070195 0.381049466312 0.0482096038827
6.756000000 0.434975328122 0.38649393404 0.0484813940821
6.774000000 0.440610361708 0.391851323225 0.0487590384838
6.792000000 0.446157569736 0.397113674654 0.0490438950818
6.810000000 0.451610610975 0.40227337872 0.049337232255
6.828000000 0.456963441124 0.407323237371 0.0496402037536
6.846000000 0.462210347478 0.412256522565 0.0499538249133
6.864000000 0.467345980858 0.417067030164 0.0502789506938
6.882000000 0.472365384407 0.421749128303 0.0506162561035
6.900000000 0.477264018879 0.426297799361 0.0509662195172
6.918000000 0.482037784128 0.430708674808 0.0513291093194
6.936000000 0.48668303656 0.434978062348 0.0517049742126
6.954000000 0.491196602391 0.439102964963 0.0520936374281
6.972000000 0.495575786606 0.443081091646 0.0524946949599
6.990000000 0.499818377624 0.446910859796 0.052907517828
7.008000000 0.503922647708 0.450591389451 0.0533312582571
7.026000000 0.507887349252 0.454122489705 0.053764859547
7.044000000 0.511711707126 0.457504637818 0.0542070693079
7.062000000 0.515395407327 0.460738951682 0.054656455645
7.080000000 0.518938582232 0.46382715643 0.0551114258015
7.098000000 0.522341792768 0.466771546051 0.0555702467177
7.116000000 0.525606007886 0.469574940966 0.0560310669201
7.134000000 0.528732581695 0.472240642552 0.0564919391439
7.152000000 0.531723228676 0.474772385596 0.05695084308
7.170000000 0.534579997358 0.477174289695 0.0574057076632
7.188000000 0.537305242855 0.479450810521 0.0578544323342
7.206000000 0.539901598651 0.481606691901 0.0582949067501
7.224000000 0.542371947984 0.483646919524 0.0587250284593
7.242000000 0.544719395174 0.48557667707 0.0591427181047
7.260000000 0.546947237214 0.487401305458 0.0595459317561
7.278000000 0.549058935879 0.489126265854 0.059932670025
7.296000000 0.551058090635 0.490757106997 0.0603009836381
7.314000000 0.552948412523 0.492299437357 0.0606489751657
7.332000000 0.554733699224 0.493758902609 0.0609747966151
7.350000000 0.55641781144 0.495141168872 0.0612766425675
7.368000000 0.55800465069 0.496451912177 0.0615527385127
7.386000000 0.559498138633 0.497696814687 0.0618013239459
7.404000000 0.560902197939 0.498881568247 0.0620206296925
7.422000000 0.562220734756 0.500011885997 0.0622088487592
7.440000000 0.563457622775 0.501093522988 0.062364099787
7.458000000 0.564616688868 0.502132306989 0.0624843818787
7.476000000 0.56570170028 0.503134181117 0.0625675191629
7.494000000 0.566716353322 0.504105260424 0.062611092898
7.512000000 0.567664263499 0.505051905325 0.0626123581738
7.530000000 0.568548957018 0.505980815775 0.0625681412428
7.548000000 0.569373863592 0.506899151475 0.0624747121173
7.566000000 0.57014231046 0.507814685338 0.0623276251218
7.584000000 0.570857517542 0.508736000173 0.0621215173692
7.602000000 0.571522593639 0.509672742373 0.0618498512658
7.620000000 0.572140533601 0.510635952031 0.0615045815692
7.638000000 0.572714216365 0.511638496984 0.0610757193802
7.656000000 0.573246403794 0.512695650462 0.060550753332
7.674000000 0.573739740227 0.513825870364 0.0599138698629
7.692000000 0.574196752667 0.515051866536 0.0591448861307
7.710000000 0.574619851535 0.516402087192 0.0582177643432
7.728000000 0.575011331923 0.517912827987 0.0570985039358
7.746000000 0.575373375269 0.519631287366 0.0557420879036
7.764000000 0.57570805142 0.521620097177 0.0540879542424
7.782000000 0.576017320994 0.523964220431 0.0520531005635
7.800000000 0.576303038026 0.526781773502 0.0495212645239
7.818000000 0.576566952818 0.53024160242 0.0463253503983
7.836000000 0.576810714978 0.53459299248 0.0422177224971
7.854000000 0.577035876591 0.540218274484 0.0368176021069
7.872000000 0.577243895504 0.547731119909 0.0295127755949
7.890000000 0.577436138677 0.558171678409 0.0192644602677
7.908000000 0.57761388559 0.573418105979 0.00419577961056
7.926000000 0.577778331667 0.597071542114 0.0192932104465
7.944000000 0.577930591713 0.635734279483 0.0578036877706
7.962000000 0.578071703325 0.684639643119 0.106567939794
7.980000000 0.578202630284 0.464878037155 0.113324593129
7.998000000 0.578324265894 0.154707974637 0.423616291258
8.016000000 0.578437436275 0.266754387096 0.311683049179
8.034000000 0.578542903579 0.326715222284 0.251827681295
8.052000000 0.57864136915 0.356990840395 0.221650528755
8.070000000 0.578733476592 0.373372024521 0.205361452071
8.088000000 0.578819814756 0.382030806284 0.196789008473
8.106000000 0.57890092065 0.38562658688 0.193274333769
8.124000000 0.578977282239 0.385320242511 0.193657039728
8.142000000 0.579049341176 0.381480643457 0.197568697719
8.160000000 0.579117495417 0.373916130059 0.205201365358
8.178000000 0.579182101762 0.361866659774 0.217315441988
8.196000000 0.579243478287 0.343781409432 0.235462068854
8.214000000 0.57930190669 0.31675808939 0.2625438173
8.232000000 0.57935763455 0.275288304451 0.304069330099
8.250000000 0.579410877479 0.208682566247 0.370728311231
8.268000000 0.579461821204 0.103759676461 0.475702144743
8.286000000 0.57951062355 0.180853600307 0.398657023243
8.304000000 0.579557416339 0.511075659786 0.0684817565528
8.322000000 0.579602307212 0.708187170934 0.128584863722
8.340000000 0.579645381363 0.723473400279 0.143828018916
8.358000000 0.5796867032 0.695979521385 0.116292818185
8.376000000 0.57972631793 0.668596295668 0.0888699777371
8.394000000 0.579764253067 0.646977320165 0.0672130670976
8.412000000 0.579800519873 0.630435316003 0.0506347961299
8.430000000 0.579835114728 0.617689503997 0.037854389269
8.448000000 0.579868020441 0.607719463608 0.0278514431669
8.466000000 0.579899207485 0.599799280712 0.0199000732267
8.484000000 0.579928635183 0.593421126866 0.0134924916831
8.502000000 0.579956252828 0.588226618379 0.00827036555188
8.520000000 0.57998200075 0.583958722473 0.00397672172333
8.538000000 0.580005811329 0.580429831033 0.000424019703536
8.556000000 0.580027609951 0.577500696724 0.00252691322661
8.574000000 0.580047315919 0.575066398613 0.00498091730639
8.592000000 0.580064843314 0.573046846316 0.00701799699832
8.610000000 0.580080101809 0.571380245575 0.00869985623392
8.628000000 0.580092997437 0.570018526469 0.0100744709682
8.646000000 0.580103433321 0.568924095145 0.0111793381768
8.664000000 0.58011131036 0.568067494126 0.0120438162342
8.682000000 0.58011652787 0.567425697576 0.0126908302945
8.700000000 0.5801189842 0.566980858314 0.0131381258868
8.718000000 0.580118577298 0.566719382155 0.013399195143
8.736000000 0.58011520525 0.566631244084 0.0134839611656
8.754000000 0.580108766782 0.566709486963 0.013399279819
8.772000000 0.580099161732 0.566949861529 0.0131493002036
8.790000000 0.580086291488 0.567350579095 0.0127357123924
8.808000000 0.580070059396 0.567912157555 0.0121579018411
8.826000000 0.580050371145 0.568637348148 0.0114130229968
8.844000000 0.580027135113 0.569531135913 0.0104959992004
8.862000000 0.580000262699 0.570600811304 0.00939945139534
8.880000000 0.579969668619 0.571856114653 0.0081135539658
8.898000000 0.579935271183 0.573309459353 0.00662581183045
8.916000000 0.579896992549 0.574976244205 0.0049207483433
8.934000000 0.579854758946 0.576875270766 0.0029794881807
8.952000000 0.57980850089 0.579029288156 0.000779212734
8.970000000 0.57975815336 0.581465696426 0.0017075430662
8.988000000 0.579703655971 0.584217450939 0.00451379496741
9.006000000 0.579644953117 0.587324225663 0.00767927254662
9.024000000 0.579581994098 0.590833914443 0.0112519203444
9.042000000 0.579514733233 0.59480457859 0.0152898453567
9.060000000 0.579443129949 0.599306990136 0.019863860187
9.078000000 0.579367148857 0.604427977285 0.0250608284276
9.096000000 0.579286759816 0.610274858472 0.0309880986558
9.114000000 0.579201937974 0.616981360984 0.0377794230099
9.132000000 0.579112663801 0.624715564884 0.0456029010836
9.150000000 0.579018923105 0.633690587005 0.0546716638996
9.168000000 0.578920707038 0.644178875787 0.065258168749
9.186000000 0.578818012087 0.656530948022 0.0777129359352
9.204000000 0.57871084005 0.671198588308 0.0924877482581
9.222000000 0.578599198011 0.688759171379 0.110159973368
9.240000000 0.578483098292 0.709926350947 0.131443252655
9.258000000 0.578362558406 0.735495596076 0.15713303767
9.276000000 0.578237600991 0.766055941699 0.187818340708
9.294000000 0.578108253743 0.800931544439 0.222823290696
9.312000000 0.577974549332 0.834765428879 0.256790879547
9.330000000 0.577836525323 0.8483540096 0.270517484277
9.348000000 0.577694224075 0.796288055657 0.218593831583
9.366000000 0.577547692642 0.635748755715 0.0582010630724
9.384000000 0.57739698267 0.412185446591 0.16521153608
9.402000000 0.577242150277 0.21345315916 0.363788991117
9.420000000 0.577083255939 0.0721892199882 0.504894035951
9.438000000 0.576920364367 0.0499144846785 0.527005879688
9.456000000 0.576753544378 0.114619382524 0.462134161854
9.474000000 0.576582868763 0.165228090619 0.411354778144
9.492000000 0.576408414155 0.203261175706 0.373147238449
9.510000000 0.576230260887 0.232233896261 0.343996364626
9.528000000 0.576048492852 0.254599637696 0.321448855156
9.546000000 0.575863197363 0.271996948734 0.303866248629
9.564000000 0.575674465005 0.285522016243 0.290152448762
9.582000000 0.575482389489 0.295907587325 0.279574802164
9.600000000 0.575287067504 0.30363245735 0.271654610153
9.618000000 0.57508859857 0.308985708607 0.266102889963
9.636000000 0.574887084889 0.312100375481 0.262786709408
9.654000000 0.574682631193 0.312963683106 0.261718948088
9.672000000 0.574475344601 0.311405126817 0.263070217784
9.690000000 0.574265334464 0.307057728148 0.267207606316
9.708000000 0.574052712221 0.299279545072 0.274773167149
9.726000000 0.573837591255 0.287008259335 0.28682933192
9.744000000 0.573620086743 0.26849488074 0.305125206002
9.762000000 0.573400315515 0.240814230992 0.332586084523
9.780000000 0.573178395913 0.198995453448 0.374182942465
9.798000000 0.572954447652 0.134932254236 0.438022193416
9.816000000 0.57272859168 0.0480714744436 0.524657117237
9.834000000 0.572500950047 0.143633513214 0.428867436833
9.852000000 0.57227164577 0.341578092333 0.230693553437
9.870000000 0.572040802708 0.505179477229 0.0668613254789
9.888000000 0.571808545431 0.583886098607 0.0120775531751
9.906000000 0.571574999105 0.607612156159 0.0360371570547
9.924000000 0.571340289364 0.610138885414 0.0387985960495
9.942000000 0.571104542203 0.60658414986 0.0354796076578
9.960000000 0.570867883859 0.602249907261 0.0313820234018
9.978000000 0.57063044071 0.598825653053 0.0281952123423
9.996000000 0.570392339166 0.596770887717 0.0263785485511
10.014000000 0.570153705569 0.596140003871 0.0259862983022
10.032000000 0.569914666101 0.596864955676 0.0269502895751
10.050000000 0.569675346687 0.598849318598 0.0291739719108
10.068000000 0.569435872913 0.60199310003 0.0325572271166
10.086000000 0.569196369937 0.606188059801 0.0369916898642
10.104000000 0.568956962411 0.611294387348 0.0423374249362
10.122000000 0.56871777441 0.617096639268 0.0483788648582
10.140000000 0.568478929353 0.623227809816 0.0547488804626
10.158000000 0.568240549943 0.629040833097 0.060800283154
10.176000000 0.568002758101 0.633396917438 0.0653941593365
10.194000000 0.567765674905 0.634340090756 0.0665744158505
10.212000000 0.567529420538 0.6286749761 0.061145555562
10.230000000 0.567294114232 0.611651917311 0.0443578030795
10.248000000 0.567059874223 0.577388307858 0.0103284336348
10.266000000 0.566826817706 0.521019941836 0.0458068758707
10.284000000 0.56659506079 0.44253891309 0.1240561477
10.302000000 0.566364718459 0.349160884041 0.217203834418
10.320000000 0.566135904538 0.252540043992 0.313595860546
10.338000000 0.565908731657 0.163098241778 0.402810489879
10.356000000 0.56568331122 0.0876431739182 0.478040137302
10.374000000 0.565459753372 0.0382574151164 0.527202338255
10.392000000 0.565238166972 0.0540405892034 0.511197577769
10.410000000 0.565018659567 0.0923835884775 0.472635071089
10.428000000 0.564801337361 0.12702781492 0.43777352244
10.446000000 0.564586305192 0.156458846354 0.408127458838
10.464000000 0.564373666507 0.181356583521 0.383017082987
10.482000000 0.564163523332 0.202553380901 0.361610142431
10.500000000 0.563955976249 0.22077507821 0.343180898038
10.518000000 0.563751124367 0.236616948138 0.327134176229
10.536000000 0.563549065298 0.250563334261 0.312985731038
10.554000000 0.563349895125 0.263014067623 0.300335827502
10.572000000 0.563153708371 0.274309885916 0.288843822454
10.590000000 0.56296059797 0.284756526282 0.278204071688
10.608000000 0.562770655235 0.294649864323 0.268120790912
10.626000000 0.56258396982 0.304306555162 0.258277414658
10.644000000 0.562400629685 0.314107682396 0.248292947289
10.662000000 0.562220721059 0.324566824951 0.237653896108
10.680000000 0.562044328398 0.336425647241 0.225618681157
10.698000000 0.561871534347 0.350622553372 0.211248980975
10.716000000 0.561702419694 0.366161012907 0.195541406787
10.734000000 0.561537063328 0.352056233485 0.209480829842
10.752000000 0.561375542192 0.180252860704 0.381122681488
10.770000000 0.561217931242 0.180801050507 0.380416880736
10.788000000 0.561064303396 0.231649419529 0.329414883867
10.806000000 0.560914729488 0.259053355438 0.30186137405
10.824000000 0.560769278228 0.275407863291 0.285361414936
10.842000000 0.560628016149 0.286371533892 0.274256482256
10.860000000 0.560491007568 0.294355288036 0.266135719532
10.878000000 0.560358314542 0.300515840915 0.259842473626
10.896000000 0.560229996827 0.305470527492 0.254759469335
10.914000000 0.560106111839 0.309578042494 0.250528069345
10.932000000 0.559986714618 0.313061405087 0.246925309531
10.950000000 0.559871857795 0.316067087881 0.243804769913
10.968000000 0.559761591563 0.318695723125 0.241065868438
10.986000000 0.559655963649 0.321019095057 0.238636868592
11.004000000 0.559555019292 0.323090056301 0.236464962991
11.022000000 0.559458801224 0.324948581067 0.234510220157
11.040000000 0.559367349657 0.32662560528 0.232741744378
11.058000000 0.559280702271 0.328145545264 0.231135157007
11.076000000 0.559198894205 0.329527998335 0.22967089587
11.094000000 0.559121958063 0.33078892051 0.228333037553
11.112000000 0.559049923909 0.331941460332 0.227108463577
11.130000000 0.558982819276 0.332996560594 0.225986258682
11.148000000 0.558920669178 0.333963399584 0.224957269594
11.166000000 0.558863496122 0.334849718746 0.224013777376
11.184000000 0.55881132013 0.335662068059 0.22314925207
11.202000000 0.558764158755 0.336405990281 0.222358168475
11.220000000 0.558722027114 0.337086158425 0.221635868689
11.238000000 0.558684937908 0.337706476152 0.220978461756
11.256000000 0.558652901458 0.338270147363 0.220382754095
11.274000000 0.558625925736 0.338779718643 0.219846207093
11.292000000 0.558604016405 0.339237095978 0.219366920426
11.310000000 0.558587176848 0.339643534982 0.218943641866
11.328000000 0.558575408215 0.339999601491 0.218575806725
11.346000000 0.558568709461 0.340305096362 0.2182636131
11.364000000 0.558567077386 0.34055893416 0.218008143226
11.382000000 0.558570506678 0.340758959288 0.217811547391
11.400000000 0.558578989957 0.340901673584 0.217677316373
11.418000000 0.558592517818 0.340981834068 0.21761068375
11.436000000 0.558611078873 0.340991853798 0.217619225075
11.454000000 0.558634659795 0.340920894327 0.217713765468
11.472000000 0.558663245364 0.340753458156 0.217909787207
11.490000000 0.558696818503 0.340467139217 0.218229679286
11.508000000 0.558735360327 0.34002889317 0.218706467158
11.526000000 0.558778850182 0.339388571708 0.219390278474
11.544000000 0.558827265683 0.338467089136 0.220360176547
11.562000000 0.558880582758 0.337133269106 0.221747313652
11.580000000 0.558938775686 0.33515458106 0.223784194626
11.598000000 0.559001817133 0.33208036823 0.226921448903
11.616000000 0.55906967819 0.326922288041 0.232147390148
11.634000000 0.55914232841 0.317088597361 0.242053731049
11.652000000 0.559219735844 0.293753124198 0.265466611646
11.670000000 0.559301867071 0.226750640311 0.33255122676
11.688000000 0.559388687233 0.337188851304 0.222199835929
11.706000000 0.559480160069 0.372805028258 0.186675131811
11.724000000 0.559576247942 0.370320749363 0.18925549858
11.742000000 0.559676911873 0.367104439826 0.192572472047
11.760000000 0.559782111565 0.364828034439 0.194954077125
11.778000000 0.559891805435 0.363280036275 0.19661176916
11.796000000 0.56000595064 0.362228470623 0.197777480017
11.814000000 0.560124503104 0.361520378766 0.198604124338
11.832000000 0.560247417543 0.361057972158 0.199189445385
11.850000000 0.560374647488 0.360776315486 0.199598332002
11.868000000 0.560506145314 0.360629181605 0.199876963709
11.886000000 0.56064186226 0.360580023233 0.200061839027
11.904000000 0.560781748451 0.360595465589 0.200186282862
11.922000000 0.560925752925 0.360639567482 0.200286185443
11.940000000 0.561073823651 0.360667463806 0.200406359845
11.958000000 0.561225907554 0.360616919685 0.200608987869
11.976000000 0.561381950534 0.36039579303 0.200986157503
11.994000000 0.561541897485 0.35986227766 0.201679619825
12.012000000 0.561705692322 0.358792783965 0.202912908357
12.030000000 0.561873277995 0.356828984021 0.205044293974
12.048000000 0.562044596513 0.353390692634 0.208653903879
12.066000000 0.562219588963 0.347536436339 0.214683152625
12.084000000 0.56239819553 0.33775762307 0.22464057246
12.102000000 0.562580355515 0.321736523686 0.24084383183
12.120000000 0.562766007358 0.296260663101 0.266505344257
12.138000000 0.562955088656 0.257844864263 0.305110224394
12.156000000 0.563147536183 0.204832439454 0.358315096729
12.174000000 0.563343285907 0.140491894959 0.422851390948
12.192000000 0.563542273016 0.0742554401498 0.489286832866
12.210000000 0.563744431931 0.0293148314178 0.534429600513
12.228000000 0.563949696332 0.057289426815 0.506660269517
12.246000000 0.564157999172 0.0964534411093 0.467704558062
12.264000000 0.564369272702 0.128138134452 0.43623113825
12.282000000 0.564583448489 0.152690644025 0.411892804464
12.300000000 0.564800457437 0.171607098812 0.393193358625
12.318000000 0.565020229808 0.186227531182 0.378792698626
12.336000000 0.565242695241 0.197585765629 0.367656929612
12.354000000 0.565467782775 0.206446276104 0.35902150667
12.372000000 0.56569542087 0.213368308192 0.352327112678
12.390000000 0.565925537428 0.218761776013 0.347163761415
12.408000000 0.566158059813 0.222929383429 0.343228676384
12.426000000 0.566392914878 0.226096815024 0.340296099854
12.444000000 0.566630028979 0.228434017181 0.338196011798
12.462000000 0.566869328005 0.230070168028 0.336799159977
12.480000000 0.567110737398 0.23110426167 0.336006475729
12.498000000 0.567354182175 0.231612656934 0.33574152524
12.516000000 0.567599586949 0.231654517475 0.335945069474
12.534000000 0.567846875959 0.231275774801 0.336571101158
12.552000000 0.568095973087 0.230512042864 0.337583930223
12.570000000 0.568346801886 0.229390770962 0.338956030924
12.588000000 0.568599285602 0.227932815552 0.340666470051
12.606000000 0.568853347201 0.226153518178 0.342699829022
12.624000000 0.569108909388 0.22406326913 0.345045640258
12.642000000 0.56936589464 0.221667374533 0.347698520108
12.660000000 0.569624225226 0.218964762103 0.350659463122
12.678000000 0.569883823231 0.215944561486 0.353939261745
12.696000000 0.570144610587 0.21257881984 0.357565790747
12.714000000 0.570406509094 0.208808923297 0.361597585798
12.732000000 0.570669440452 0.204524805855 0.366144634596
12.750000000 0.570933326278 0.199546203309 0.37138712297
12.768000000 0.571198088144 0.193641972358 0.377556115786
12.786000000 0.571463647593 0.186641776461 0.384821871133
12.804000000 0.571729926176 0.178603603509 0.393126322666
12.822000000 0.571996845469 0.169824414886 0.402172430583
12.840000000 0.572264327109 0.160607670925 0.411656656185
12.858000000 0.572532292819 0.15106054303 0.421471749789
12.876000000 0.572800664433 0.141102827954 0.431697836479
12.894000000 0.573069363926 0.130568603217 0.442500760709
12.912000000 0.573338313443 0.119276228592 0.454062084851
12.930000000 0.573607435325 0.107052308039 0.466555127287
12.948000000 0.57387665214 0.093734179022 0.480142473118
12.966000000 0.574145886706 0.0791712518846 0.494974634822
12.984000000 0.574415062128 0.0632446884611 0.511170373667
13.002000000 0.574684101819 0.0459664045755 0.528717697244
13.020000000 0.574952929532 0.0280642786429 0.546888650889
13.038000000 0.575221469388 0.0164200462405 0.558801423147
13.056000000 0.575489645903 0.0298656141011 0.545624031802
13.074000000 0.575757384023 0.055719974441 0.520037409582
13.092000000 0.576024609143 0.0866831175419 0.489341491601
13.110000000 0.576291247144 0.12219022947 0.454101017674
13.128000000 0.576557224418 0.162561927151 0.413995297266
13.146000000 0.576822467896 0.208307393641 0.368515074255
13.164000000 0.577086905079 0.259943114369 0.31714379071
13.182000000 0.577350464064 0.317845004898 0.259505459166
13.200000000 0.577613073575 0.38204562373 0.195567449845
13.218000000 0.577874662989 0.451950245975 0.125924417014
13.236000000 0.578135162363 0.525996908863 0.0521382534999
13.254000000 0.578394502467 0.601375697283 0.0229811948162
13.272000000 0.578652614806 0.674034139437 0.0953815246311
13.290000000 0.578909431651 0.739216555497 0.160307123846
13.308000000 0.579164886066 0.792554401796 0.213389515729
13.326000000 0.579418911934 0.831281281121 0.251862369187
13.344000000 0.579671443984 0.854913139184 0.2752416952
13.362000000 0.579922417818 0.86510176433 0.285179346512
13.380000000 0.580171769937 0.865071899061 0.284900129123
13.398000000 0.580419437769 0.858937368936 0.278517931167
13.416000000 0.58066535969 0.848955896512 0.268290536822
13.434000000 0.580909475054 0.834775563414 0.253866088361
13.452000000 0.581151724215 0.817885148484 0.23673342427
13.470000000 0.581392048552 0.800144476726 0.218752428174
13.488000000 0.581630390495 0.782561731165 0.20093134067
13.506000000 0.581866693547 0.765622652669 0.183755959122
13.524000000 0.582100902305 0.749558530032 0.167457627728
13.542000000 0.582332962487 0.734466954892 0.152133992405
13.560000000 0.582562820952 0.720370581054 0.137807760103
13.578000000 0.582790425722 0.707249489683 0.124459063961
13.596000000 0.583015726002 0.695060324943 0.112044598941
13.614000000 0.583238672204 0.683747922832 0.100509250628
13.632000000 0.583459215963 0.673252395782 0.0897931798184
13.650000000 0.583677310159 0.663513388549 0.0798360783902
13.668000000 0.583892908934 0.654472556901 0.0705796479671
13.686000000 0.584105967713 0.646074930547 0.0619689628344
13.704000000 0.58431644322 0.63826958108 0.0539531378601
13.722000000 0.584524293494 0.631009863615 0.046485570121
13.740000000 0.584729477908 0.624253403724 0.0395239258155
13.758000000 0.584931957182 0.617961938871 0.0330299816885
13.776000000 0.585131693399 0.612101083456 0.0269693900562
13.794000000 0.585328650021 0.606640060697 0.0213114106768
13.812000000 0.585522791898 0.601551427999 0.0160286361016
13.830000000 0.585714085285 0.596810811792 0.0110967265069
13.848000000 0.585902497855 0.592396661109 0.00649416325313
13.866000000 0.586087998706 0.588290024894 0.00220202618804
13.884000000 0.586270558372 0.584474355498 0.00179620287376
13.902000000 0.586450148837 0.580935339263 0.00551480957403
13.920000000 0.586626743543 0.577660754321 0.00896598922178
13.938000000 0.586800317391 0.574640355376 0.0121599620152
13.956000000 0.586970846761 0.571865785239 0.0151050615224
13.974000000 0.587138309506 0.569330513036 0.0178077964704
13.992000000 0.587302684968 0.567029799442 0.0202728855261
14.010000000 0.587463953976 0.564960689729 0.0225032642465
14.028000000 0.587622098853 0.563122036119 0.0245000627345
14.046000000 0.58777710342 0.561514551667 0.0262625517529
14.064000000 0.587928952998 0.560140898906 0.0277880540927
14.082000000 0.588077634409 0.559005817578 0.0290718168311
14.100000000 0.588223135976 0.558116297281 0.0301068386956
14.118000000 0.588365447527 0.557481802532 0.0308836449951
14.136000000 0.588504560391 0.557114559975 0.0313900004157
14.154000000 0.588640467394 0.5570299201 0.0316105472944
14.172000000 0.588773162865 0.557246809199 0.0315263536657
14.190000000 0.588902642623 0.557788291299 0.0311143513241
14.208000000 0.58902890398 0.558682264694 0.0303466392861
14.226000000 0.589151945733 0.559962323276 0.0291896224564
14.244000000 0.589271768158 0.561668818748 0.02760294941
14.262000000 0.589388373005 0.563850164819 0.0255382081862
14.280000000 0.589501763492 0.566564425799 0.0229373376933
14.298000000 0.589611944293 0.569881223091 0.0197307212013
14.316000000 0.589718921531 0.573883959887 0.0158349616446
14.334000000 0.589822702772 0.578672275738 0.0111504270341
14.352000000 0.589923297007 0.584364430978 0.00555886602972
14.370000000 0.59002071465 0.591098835807 0.00107812115658
14.388000000 0.590114967518 0.599032842465 0.00891787494656
14.406000000 0.590206068824 0.608334437019 0.0181283681948
14.424000000 0.590294033161 0.619156795664 0.0288627625036
14.442000000 0.590378876488 0.6315725643 0.0411936878119
14.460000000 0.590460616117 0.645414314302 0.0549536981858
14.478000000 0.590539270696 0.659898598196 0.0693593275001
14.496000000 0.590614860195 0.672768901832 0.0821540416371
14.514000000 0.590687405887 0.678496251679 0.0878088457913
14.532000000 0.590756930332 0.66534851015 0.074591579818
14.550000000 0.590823457359 0.614247673271 0.0234242159124
14.568000000 0.590887012047 0.509821318811 0.0810656932355
14.586000000 0.590947620706 0.364409118648 0.226538502058
14.604000000 0.591005310858 0.215858536462 0.375146774396
14.622000000 0.591060111219 0.0969571595451 0.494102951673
14.640000000 0.59111205167 0.0608236063197 0.530288445351
14.658000000 0.591161163248 0.11616080235 0.475000360898
14.676000000 0.591207478112 0.1737419756 0.417465502512
14.694000000 0.591251029532 0.224314076883 0.366936952649
14.712000000 0.591291851856 0.270742607505 0.320549244351
14.730000000 0.591329980495 0.316705094798 0.274624885696
14.748000000 0.591365451895 0.364618448212 0.226747003684
14.766000000 0.591398303516 0.405279975853 0.186118327663
14.784000000 0.591428573804 0.373216052173 0.218212521632
14.802000000 0.59145630217 0.207457884341 0.383998417829
14.820000000 0.591481528963 0.087719923459 0.503761605504
14.838000000 0.591504295446 0.117662355648 0.473841939798
14.856000000 0.591524643768 0.170938535038 0.420586108729
14.874000000 0.591542616941 0.201866314277 0.389676302664
14.892000000 0.591558258812 0.148447078056 0.443111180756
14.910000000 0.591571614039 0.0767275271808 0.514844086858
14.928000000 0.591582728059 0.123920498235 0.467662229825
14.946000000 0.591591647069 0.167326859337 0.424264787733
14.964000000 0.591598417992 0.200096652026 0.391501765966
14.982000000 0.591603088454 0.224931147942 0.366671940512
15.000000000 0.591605706753 0.231203686575 0.360402020178
15.018000000 0.591606321838 0.189780561333 0.401825760505
15.036000000 0.591604983274 0.108091789281 0.483513193993
15.054000000 0.591601741218 0.0423804002679 0.54922134095
15.072000000 0.591596646394 0.0286517883871 0.562944858007
15.090000000 0.591589750058 0.0474459914407 0.544143758617
15.108000000 0.591581103977 0.062125145753 0.529455958224
15.126000000 0.591570760399 0.0712234990392 0.52034726136
15.144000000 0.591558772023 0.0761366904523 0.51542208157
15.162000000 0.591545191974 0.0778866433862 0.513658548588
15.180000000 0.591530073775 0.0771089400794 0.514421133695
15.198000000 0.591513471316 0.0741790433269 0.517334427989
15.216000000 0.591495438831 0.0692959496351 0.522199489196
15.234000000 0.591476030868 0.0625273610467 0.528948669821
15.252000000 0.591455302259 0.0538302058884 0.537625096371
15.270000000 0.591433308099 0.0430623981792 0.54837090992
15.288000000 0.591410103711 0.0300539029734 0.561356200738
15.306000000 0.591385744625 0.01554403677 0.575841707855
15.324000000 0.591360286548 0.0151946212225 0.576165665325
15.342000000 0.591333785336 0.0404331539105 0.550900631426
15.360000000 0.591306296972 0.0795578707277 0.511748426244
15.378000000 0.591277877533 0.139541556486 0.451736321047
15.396000000 0.591248583169 0.225773159115 0.365475424054
15.414000000 0.591218470073 0.25811539561 0.333103074463
15.432000000 0.591187594459 0.178939863455 0.412247731004
15.450000000 0.591156012531 0.103927764942 0.487228247589
15.468000000 0.591123780463 0.0512328540188 0.539890926444
15.486000000 0.591090954368 0.0209304874866 0.570160466881
15.504000000 0.591057590279 0.0413834922301 0.549674098049
15.522000000 0.591023744118 0.0755746725423 0.515449071576
15.540000000 0.590989471678 0.111235975488 0.479753496189
15.558000000 0.590954828591 0.14811919231 0.442835636281
15.576000000 0.590919870311 0.186575187152 0.404344683159
15.594000000 0.590884652085 0.226881069519 0.364003582567
15.612000000 0.590849228935 0.26916514701 0.321684081925
15.630000000 0.590813655628 0.313384047295 0.277429608333
15.648000000 0.590777986658 0.359300325241 0.231477661417
15.666000000 0.590742276221 0.406460459665 0.184281816556
15.684000000 0.590706578195 0.45418323431 0.136523343885
15.702000000 0.590670946115 0.501571611406 0.0890993347092
15.720000000 0.590635433153 0.547559983995 0.0430754491572
15.738000000 0.590600092095 0.591001720694 0.00040162859917
15.756000000 0.590564975324 0.630789261122 0.0402242857988
15.774000000 0.590530134792 0.665984685752 0.0754545509599
15.792000000 0.590495622007 0.69593000356 0.105434381553
15.810000000 0.590461488007 0.720309620794 0.129848132787
15.828000000 0.590427783344 0.739152440183 0.14872465684
15.846000000 0.590394558061 0.752780368679 0.162385810619
15.864000000 0.590361861675 0.761724105462 0.171362243787
15.882000000 0.590329743158 0.76663075699 0.176301013832
15.900000000 0.590298250917 0.768182490214 0.177884239297
15.918000000 0.590267432777 0.767036237783 0.176768805006
15.936000000 0.59023733596 0.763786171326 0.173548835366
15.954000000 0.590208007072 0.758945523531 0.168737516459
15.972000000 0.590179492082 0.752942367883 0.162762875801
15.990000000 0.590151836304 0.746124097388 0.155972261084
16.008000000 0.590125084385 0.738766448593 0.148641364208
16.026000000 0.590099280282 0.731084221123 0.14098494084
16.044000000 0.590074467252 0.723241961649 0.133167494397
16.062000000 0.590050687829 0.715363697196 0.125313009367
16.080000000 0.590027983816 0.70754133401 0.117513350193
16.098000000 0.590006396265 0.699841651308 0.109835255042
16.116000000 0.589985965461 0.692311983786 0.102326018325
16.134000000 0.58996673091 0.684984758907 0.0950180279967
16.152000000 0.589948731323 0.677881074137 0.0879323428138
16.170000000 0.589932004603 0.671013490897 0.0810814862943
16.188000000 0.589916587828 0.664388201238 0.0744716134105
16.206000000 0.58990251724 0.658006698752 0.0681041815115
16.224000000 0.589889828231 0.651867061337 0.0619772331053
16.242000000 0.58987855533 0.645964932198 0.0560863768684
16.260000000 0.589868732188 0.640294267459 0.0504255352717
16.278000000 0.589860391566 0.634847904055 0.0449875124891
16.296000000 0.589853565326 0.629617989773 0.039764424447
16.314000000 0.589848284414 0.62459630797 0.0347480235552
16.332000000 0.589844578851 0.619774522236 0.0299299433852
16.350000000 0.589842477719 0.615144360653 0.0253018829344
16.368000000 0.589842009151 0.610697754957 0.0208557458064
16.386000000 0.58984320032 0.606426946699 0.0165837463787
16.404000000 0.589846077428 0.602324570032 0.0124784926042
16.422000000 0.589850665692 0.598383719051 0.00853305335898
16.440000000 0.589856989339 0.594598006423 0.00474101708412
16.458000000 0.589865071591 0.590961619422 0.00109654783088
16.476000000 0.589874934655 0.587469379331 0.00240555532368
16.494000000 0.589886599716 0.584116810604 0.00576978911242
16.512000000 0.589900086926 0.580900227205 0.00899985972128
16.530000000 0.589915415393 0.577816845536 0.0120985698576
16.548000000 0.589932603173 0.574864936477 0.0150676666955
16.566000000 0.589951667259 0.572044034086 0.0179076331736
16.584000000 0.589972623577 0.569355226182 0.0206173973957
16.602000000 0.589995486971 0.566801564012 0.0231939229591
16.620000000 0.590020271197 0.564388646477 0.0256316247202
16.638000000 0.590046988917 0.562125462009 0.0279215269076
16.656000000 0.590075651687 0.560025610449 0.0300500412386
16.674000000 0.590106269952 0.558109073453 0.0319971964985
16.692000000 0.590138853035 0.556404714661 0.0337341383737
16.710000000 0.590173409134 0.554953471276 0.0352199378576
16.728000000 0.590209945309 0.553810839122 0.0363991061864
16.746000000 0.590248467479 0.553040388259 0.0372080792207
16.764000000 0.590288980416 0.552653860862 0.0376351195533
16.782000000 0.590331487731 0.552228834224 0.0381026535071
16.800000000 0.590375991877 0.548101626882 0.0422743649952
16.818000000 0.590422494134 0.50701740095 0.0834050931834
16.836000000 0.590470994608 0.392448781022 0.198022213586
16.854000000 0.590521492225 0.452370856492 0.138150635733
16.872000000 0.590573984721 0.482841843948 0.107732140773
16.890000000 0.590628468639 0.494812227265 0.0958162413748
16.908000000 0.590684939327 0.500189604637 0.0904953346901
16.926000000 0.590743390924 0.502700162773 0.0880432281515
16.944000000 0.590803816365 0.50375336962 0.0870504467447
16.962000000 0.590866207368 0.503980597307 0.0868856100608
16.980000000 0.590930554435 0.503701967795 0.0872285866404
16.998000000 0.590996846845 0.503095334018 0.0879015128269
17.016000000 0.591065072649 0.502266576512 0.0887984961365
17.034000000 0.59113521867 0.501282172356 0.0898530463136
17.052000000 0.591207270495 0.500185619343 0.0910216511518
17.070000000 0.591281212475 0.499006301073 0.0922749114028
17.088000000 0.59135702772 0.497764543671 0.0935924840497
17.106000000 0.591434698097 0.496474632641 0.0949600654561
17.124000000 0.591514204226 0.495146677349 0.0963675268775
17.142000000 0.591595525481 0.493787790649 0.0978077348324
17.160000000 0.591678639985 0.492402835791 0.0992758041941
17.178000000 0.59176352461 0.490994866949 0.100768657661
17.196000000 0.591850154975 0.489565279248 0.102284875727
17.214000000 0.591938505447 0.488113442881 0.103825062566
17.232000000 0.592028549136 0.486634341025 0.105394208111
17.250000000 0.592120257901 0.485098097423 0.107022160478
17.268000000 0.592213602345 0.483916824071 0.108296778274
17.286000000 0.592308551819 0.482200495635 0.110108056185
17.304000000 0.592405074422 0.480607565521 0.111797508902
17.322000000 0.592503137001 0.478989304434 0.113513832567
17.340000000 0.592602705156 0.477323832978 0.115278872178
17.358000000 0.59270374324 0.475592176716 0.117111566523
17.376000000 0.592806214363 0.473768977833 0.11903723653
17.394000000 0.592910080397 0.471816219598 0.1210938608
17.412000000 0.593015301978 0.469673329031 0.123341972947
17.430000000 0.59312183851 0.467238119264 0.125883719246
17.448000000 0.593229648174 0.464326494909 0.128903153265
17.466000000 0.593338687931 0.460579211497 0.132759476434
17.484000000 0.593448913529 0.455223100048 0.138225813481
17.502000000 0.59356027951 0.446394874241 0.14716540527
17.520000000 0.593672739221 0.42924015846 0.164432580761
17.538000000 0.59378624482 0.395846960073 0.197939284747
17.556000000 0.593900747284 0.386153759588 0.207746987696
17.574000000 0.594016196425 0.425943017559 0.168073178866
17.592000000 0.594132540897 0.44576312096 0.148369419937
17.610000000 0.594249728208 0.45239267301 0.141857055198
17.628000000 0.594367704737 0.454418208948 0.139949495789
17.646000000 0.594486415744 0.454700924366 0.139785491377
17.664000000 0.594605805387 0.454251578519 0.140354226869
17.682000000 0.594725816741 0.453494266046 0.141231550695
17.700000000 0.594846391809 0.452658166041 0.142188225768
17.718000000 0.594967471547 0.451937955814 0.143029515733
17.736000000 0.59508899588 0.451635557305 0.143453438575
17.754000000 0.595210903725 0.452210895184 0.143000008541
17.772000000 0.595333133013 0.414205446753 0.181127686259
17.790000000 0.59545562071 0.439900941259 0.155554679451
17.808000000 0.595578302848 0.439368704673 0.156209598175
17.826000000 0.595701114546 0.466538855175 0.129162259371
17.844000000 0.595823990042 0.433838904255 0.161985085786
17.862000000 0.595946862719 0.43253521585 0.163411646868
17.880000000 0.59606966514 0.431506703771 0.164562961368
17.898000000 0.596192329079 0.430305594349 0.16588673473
17.916000000 0.596314785557 0.42900083966 0.167313945897
17.934000000 0.596436964878 0.427651991065 0.168784973812
17.952000000 0.596558796665 0.426306566763 0.170252229902
17.970000000 0.596680209905 0.425011168889 0.171669041016
17.988000000 0.596801132987 0.423821876693 0.172979256294
18.006000000 0.59692149375 0.422816972697 0.174104521053
18.024000000 0.597041219525 0.422116957136 0.174924262389
18.042000000 0.597160237185 0.421918557525 0.17524167966
18.060000000 0.597278473196 0.422537909942 0.174740563254
18.078000000 0.59739585367 0.424256555974 0.173139297696
18.096000000 0.597512304417 0.423765463221 0.173746841196
18.114000000 0.597627751002 0.378671850364 0.218955900638
18.132000000 0.597742118808 0.351440104241 0.246302014568
18.150000000 0.597855333091 0.36586115095 0.231994182141
18.168000000 0.597967319047 0.372534088083 0.225433230964
18.186000000 0.598078001874 0.374910113046 0.223167888828
18.204000000 0.598187306843 0.375249668616 0.222937638227
18.222000000 0.598295159366 0.374491697451 0.223803461915
18.240000000 0.598401485063 0.373067262019 0.225334223044
18.258000000 0.598506209842 0.371196498094 0.227309711747
18.276000000 0.598609259968 0.369001638836 0.229607621133
18.294000000 0.598710562144 0.366554951243 0.232155610901
18.312000000 0.598810043585 0.363901150831 0.234908892754
18.330000000 0.5989076321 0.361068764079 0.237838868022
18.348000000 0.599003256172 0.358076282785 0.240926973387
18.366000000 0.599096845039 0.354935684726 0.244161160313
18.384000000 0.599188328777 0.351654541134 0.247533787644
18.402000000 0.599277638385 0.348237326807 0.251040311578
18.420000000 0.599364705865 0.34468626043 0.254678445434
18.438000000 0.599449464308 0.341001857498 0.25844760681
18.456000000 0.599531847977 0.337183301458 0.262348546519
18.474000000 0.59961179239 0.333228696393 0.266383095997
18.492000000 0.599689234404 0.329135240332 0.270553994072
18.510000000 0.599764112292 0.324899344006 0.274864768286
18.528000000 0.599836365828 0.320516711154 0.279319654674
18.546000000 0.599905936364 0.315982391033 0.283923545331
18.564000000 0.599972766904 0.311290810356 0.288681956548
18.582000000 0.600036802183 0.306435789572 0.293601012611
18.600000000 0.600097988738 0.301410546923 0.298687441815
18.618000000 0.600156274975 0.296207692679 0.303948582296
18.636000000 0.600211611242 0.290819215276 0.309392395966
18.654000000 0.60026394989 0.285236460569 0.31502748932
18.672000000 0.600313245336 0.279450105128 0.320863140208
18.690000000 0.600359454126 0.27345012424 0.326909329886
18.708000000 0.600402534992 0.267225755176 0.333176779816
18.726000000 0.600442448909 0.2607654562 0.339676992709
18.744000000 0.600479159152 0.254056861765 0.346422297388
18.762000000 0.600512631353 0.247086734432 0.353425896922
18.780000000 0.600542833558 0.239840914122 0.360701919436
18.798000000 0.600569736288 0.232304265531 0.368265470758
18.816000000 0.600593312606 0.224460624837 0.376132687769
18.834000000 0.600613538184 0.216292747296 0.384320790888
18.852000000 0.600630391387 0.207782257997 0.39284813339
18.870000000 0.600643853362 0.198909609106 0.401734244256
18.888000000 0.600653908145 0.189654048511 0.410999859634
18.906000000 0.600660542784 0.17999360734 0.420666935444
18.924000000 0.600663747488 0.169905118018 0.43075862947
18.942000000 0.600663515801 0.159364281778 0.441299234023
18.960000000 0.600659844807 0.148345817678 0.452314027129
18.978000000 0.60065273538 0.136823750395 0.463828984985
18.996000000 0.600642192472 0.124771945647 0.475870246825
19.014000000 0.600628225464 0.112165115768 0.488463109697
19.032000000 0.600610848574 0.0989807907677 0.501630057806
19.050000000 0.600590081335 0.0852034772421 0.515386604093
19.068000000 0.600565949168 0.0708344350262 0.529731514142
19.086000000 0.600538484037 0.055918457018 0.544620027019
19.104000000 0.600507725229 0.040635324826 0.559872400403
19.122000000 0.60047372025 0.0257346796275 0.574739040622
19.140000000 0.60043652587 0.0155066414183 0.584929884452
19.158000000 0.600396209339 0.0218053613555 0.578590847984
19.176000000 0.600352849782 0.038295970806 0.562056878976
19.194000000 0.60030653982 0.0576423047495 0.542664235071
19.212000000 0.600257387435 0.0784969874471 0.521760399988
19.230000000 0.600205518113 0.100551659847 0.499653858267
19.248000000 0.600151077322 0.123705014325 0.476446062997
19.266000000 0.600094233345 0.147909898964 0.452184334381
19.284000000 0.600035180542 0.173131569626 0.426903610916
19.302000000 0.599974143089 0.199332308853 0.400641834236
19.320000000 0.599911379254 0.226464285248 0.373447094006
19.338000000 0.599847186289 0.254465733156 0.345381453133
19.356000000 0.599781905985 0.283258961827 0.316522944158
19.374000000 0.599715930969 0.312749783695 0.286966147273
19.392000000 0.599649711764 0.342828330788 0.256821380975
19.410000000 0.599583764609 0.373371346245 0.226212418364
19.428000000 0.599518679937 0.404246027543 0.195272652394
19.446000000 0.59945513124 0.435315404754 0.164139726486
19.464000000 0.59939388376 0.466445080457 0.132948803303
19.482000000 0.599335801907 0.497510948262 0.101824853645
19.500000000 0.599281853365 0.528407242694 0.0708746106716
19.518000000 0.599233106171 0.559053923694 0.0401791824769
19.536000000 0.599190712052 0.589401865328 0.00978884672361
19.554000000 0.599155863809 0.619433358788 0.0202774949789
19.572000000 0.599129704402 0.649153520877 0.0500238164744
19.590000000 0.599113146122 0.678564187503 0.0794510413808
19.608000000 0.599106520841 0.707603403017 0.108496882176
19.626000000 0.599108907337 0.736015897204 0.136906989868
19.644000000 0.599116826059 0.763084095605 0.163967269545
19.662000000 0.599121655345 0.787083406827 0.187961751482
19.680000000 0.599104362269 0.804238420658 0.205134058389
19.698000000 0.599024329121 0.807002471587 0.207978142466
19.716000000 0.598794490291 0.782352094078 0.183557603786
19.734000000 0.598222809374 0.713805859136 0.115583049763
19.752000000 0.596866097947 0.593302358068 0.00356373987923
19.770000000 0.593648460388 0.436350455239 0.157298005149
19.788000000 0.585911670706 0.275633592004 0.310278078702
19.806000000 0.568171123675 0.13850051994 0.429670603735
19.824000000 0.539348965781 0.055941465186 0.483407500595
19.842000000 0.525279880237 0.0941660500362 0.431113830201
19.860000000 0.535563014702 0.155175111185 0.380387903516
19.878000000 0.549105823864 0.205531874136 0.343573949727
19.896000000 0.558737675741 0.245487878828 0.313249796913
19.914000000 0.565018788455 0.27715677953 0.287862008926
19.932000000 0.569156989952 0.302373340968 0.266783648984
19.950000000 0.571956091591 0.322544601243 0.249411490347
19.968000000 0.573893290779 0.338725181786 0.235168108993
19.986000000 0.575253315409 0.351705809626 0.223547505783
20.004000000 0.576211556685 0.362083596306 0.214127960379
20.022000000 0.576880079883 0.370313272836 0.206566807047
20.040000000 0.57733303086 0.376743619937 0.200589410923
20.058000000 0.577621032564 0.381643197629 0.195977834935
20.076000000 0.577779616412 0.385218469028 0.192561147385
20.094000000 0.577834327631 0.387626474579 0.190207853052
20.112000000 0.577803915074 0.388983497342 0.188820417732
20.130000000 0.577702382019 0.389370635987 0.188331746032
20.148000000 0.577540338906 0.388836806734 0.188703532172
20.166000000 0.577325916118 0.387399367147 0.189926548971
20.184000000 0.577065392239 0.385042235158 0.192023157082
20.202000000 0.576763633909 0.381711000174 0.195052633735
20.220000000 0.57642440819 0.377303998742 0.199120409448
20.238000000 0.576050607014 0.371657507287 0.204393099728
20.256000000 0.575644410027 0.364521825545 0.211122584482
20.274000000 0.575207403857 0.355522593358 0.219684810499
20.292000000 0.574740670663 0.344097259724 0.230643410939
20.310000000 0.574244855648 0.329388456928 0.24485639872
20.328000000 0.573720221515 0.310061381071 0.263658840444
20.346000000 0.573166697202 0.283990896216 0.289175800985
20.364000000 0.572583928478 0.247775655337 0.324808273141
20.382000000 0.571971339011 0.196535220652 0.37543611836
20.400000000 0.571328212087 0.131332624335 0.439995587752
20.418000000 0.570653805016 0.144040463658 0.426613341358
20.436000000 0.569947509707 0.329713811403 0.240233698303
20.454000000 0.569209072532 0.460110904742 0.10909816779
20.472000000 0.568438882532 0.384267850255 0.184171032277
20.490000000 0.567638326084 0.227490980642 0.340147345442
20.508000000 0.566810185436 0.115391981929 0.451418203506
20.526000000 0.565959026377 0.151065598029 0.414893428348
20.544000000 0.565091480471 0.223026041151 0.342065439319
20.562000000 0.564216292486 0.276353691272 0.287862601214
20.580000000 0.563343997695 0.312227342264 0.251116655432
20.598000000 0.562486143947 0.336203763988 0.226282379959
20.616000000 0.561654092798 0.352475470602 0.209178622197
20.634000000 0.560857596199 0.363772107897 0.197085488301
20.652000000 0.560103479284 0.371830777052 0.188272702232
20.670000000 0.559394781776 0.377770724746 0.181624057031
20.688000000 0.558730584531 0.382330799363 0.176399785168
20.706000000 0.558106525015 0.386009674168 0.172096850848
20.724000000 0.55751579636 0.389141587282 0.168374209078
20.742000000 0.556950323417 0.391921080454 0.165029242963
20.760000000 0.556401836738 0.39436467519 0.162037161549
20.778000000 0.555862674032 0.396146525146 0.159716148886
20.796000000 0.55532626003 0.396107429146 0.159218830884
20.814000000 0.554787303035 0.390832707828 0.163954595207
20.832000000 0.554241786856 0.370725435961 0.183516350894
20.850000000 0.553686840532 0.312854074601 0.240832765932
20.868000000 0.553120552332 0.195085082706 0.358035469626
20.886000000 0.552541773003 0.097674374606 0.454867398397
20.904000000 0.551949934081 0.150926510576 0.401023423505
20.922000000 0.551344893058 0.218430011913 0.332914881146
20.940000000 0.550726808413 0.2694432445 0.281283563913
20.958000000 0.550096042672 0.309439806682 0.24065623599
20.976000000 0.54945308955 0.316589190469 0.232863899081
20.994000000 0.548798520629 0.222147278767 0.326651241862
21.012000000 0.548132947306 0.150312052036 0.39782089527
21.030000000 0.547456994317 0.159198424003 0.388258570315
21.048000000 0.546771281853 0.178356469825 0.368414812028
21.066000000 0.546076413937 0.19246442032 0.353611993617
21.084000000 0.54537297127 0.2017169366 0.34365603467
21.102000000 0.544661507236 0.207296461668 0.337365045569
21.120000000 0.543942546067 0.209925561584 0.334016984482
21.138000000 0.54321658248 0.209900088847 0.333316493633
21.156000000 0.542484082275 0.207237492961 0.335246589314
21.174000000 0.541745483526 0.201842161467 0.339903322059
21.192000000 0.541001198131 0.193711390498 0.347289807633
21.210000000 0.540251613532 0.183161975149 0.357089638382
21.228000000 0.539497094501 0.170976455356 0.368520639144
21.246000000 0.538737984911 0.158348381479 0.380389603432
21.264000000 0.537974609443 0.146622414347 0.391352195096
21.282000000 0.537207275198 0.136983198804 0.400224076394
21.300000000 0.536436273201 0.130265849731 0.40617042347
21.318000000 0.535661879795 0.126937305329 0.408724574466
21.336000000 0.534884357906 0.12718650142 0.407697856486
21.354000000 0.534103958212 0.131042274903 0.403061683308
21.372000000 0.53332092019 0.138471791724 0.394849128466
21.390000000 0.532535473072 0.149446028868 0.383089444204
21.408000000 0.531747836705 0.163975699868 0.367772136837
21.426000000 0.530958222323 0.182125229685 0.348832992638
21.444000000 0.530166833247 0.204010467515 0.326156365732
21.462000000 0.529373865511 0.229781541923 0.299592323588
21.480000000 0.52857950843 0.259587162203 0.268992346227
21.498000000 0.5277839451 0.29351117077 0.23427277433
21.516000000 0.526987352857 0.331466744483 0.195520608374
21.534000000 0.52618990369 0.373030669813 0.153159233878
21.552000000 0.525391764603 0.417206431352 0.108185333251
21.570000000 0.52459309795 0.462134115636 0.0624589823143
21.588000000 0.523794061733 0.504832832252 0.0189612294814
21.606000000 0.522994809871 0.541157290199 0.0181624803284
21.624000000 0.52219549244 0.566186478566 0.043990986126
21.642000000 0.521396255896 0.57507824921 0.0536819933136
21.660000000 0.520597243269 0.564000724125 0.0434034808568
21.678000000 0.519798594342 0.530513511213 0.0107149168715
21.696000000 0.519000445814 0.473483762907 0.045516682907
21.714000000 0.518202931447 0.395895789983 0.122307141464
21.732000000 0.517406182198 0.327800173268 0.189606008929
21.750000000 0.516610326336 0.377472703996 0.13913762234
21.768000000 0.51581548956 0.554932153798 0.0391166642386
21.786000000 0.515021795091 0.686512525011 0.17149072992
21.804000000 0.514229363769 0.720716988061 0.206487624292
21.822000000 0.513438314133 0.703775804191 0.190337490059
21.840000000 0.512648762498 0.669578430821 0.156929668323
21.858000000 0.511860823026 0.631005058972 0.119144235947
21.876000000 0.51107460779 0.591657483679 0.080582875889
21.894000000 0.510290226831 0.546499687224 0.0362094603936
21.912000000 0.509507788216 0.511516972295 0.00200918407902
21.930000000 0.508727398086 0.467892062487 0.0408353355985
21.948000000 0.507949160702 0.416762694642 0.0911864660609
21.966000000 0.507173178493 0.352048605767 0.155124572725
21.984000000 0.506399552087 0.268416238083 0.237983314005
22.002000000 0.505628380361 0.227008670241 0.27861971012
22.020000000 0.504859760465 0.393195202399 0.111664558066
22.038000000 0.504093787861 0.527065056699 0.0229712688387
22.056000000 0.503330556351 0.540875553217 0.0375449968658
22.074000000 0.502570158111 0.516251226224 0.0136810681131
22.092000000 0.501812683711 0.48453777878 0.0172749049313
22.110000000 0.501058222149 0.452011581987 0.0490466401619
22.128000000 0.50030686087 0.419048786347 0.081258074523
22.146000000 0.499558685791 0.384614649405 0.114944036386
22.164000000 0.498813781328 0.347155929379 0.151657851949
22.182000000 0.49807223041 0.304713972602 0.193358257808
22.200000000 0.497334114508 0.255075388544 0.242258725964
22.218000000 0.496599513647 0.197396170028 0.299203343619
22.236000000 0.495868506433 0.143882417577 0.351986088856
22.254000000 0.495141170066 0.162745606977 0.332395563089
22.272000000 0.494417580361 0.29548662348 0.198930956881
22.290000000 0.493697811765 0.470963625199 0.0227341865658
22.308000000 0.492981937376 0.607311082062 0.114329144687
22.326000000 0.492270028955 0.667019041818 0.174749012864
22.344000000 0.491562156948 0.673454383068 0.18189222612
22.362000000 0.490858390499 0.65744944335 0.166591052851
22.380000000 0.490158797467 0.635016503466 0.144857705998
22.398000000 0.489463444441 0.612257531482 0.122794087041
22.416000000 0.488772396754 0.591095858223 0.102323461468
22.434000000 0.488085718502 0.571928516078 0.0838427975757
22.452000000 0.487403472554 0.554640884114 0.0672374115605
22.470000000 0.48672572057 0.538973858451 0.0522481378807
22.488000000 0.486052523015 0.524651476485 0.0385989534698
22.506000000 0.485383939172 0.511420959502 0.0260370203296
22.524000000 0.484720027157 0.499061081222 0.0143410540651
22.542000000 0.484060843934 0.487379565941 0.00331872200787
22.560000000 0.483406445325 0.476207156093 0.00719928923171
22.578000000 0.482756886031 0.465391046722 0.0173658393083
22.596000000 0.482112219636 0.454788484433 0.027323735203
22.614000000 0.481472498632 0.444260586569 0.0372119120629
22.632000000 0.480837774419 0.433666131251 0.0471716431685
22.650000000 0.480208097332 0.422854913639 0.0573531836931
22.668000000 0.479583516643 0.411660136246 0.0679233803971
22.686000000 0.478964080581 0.399889141489 0.0790749390918
22.704000000 0.478349836341 0.387311564547 0.0910382717947
22.722000000 0.477740830101 0.373643655658 0.104097174443
22.740000000 0.477137107028 0.358527086299 0.11861002073
22.758000000 0.4765387113 0.341500091087 0.135038620213
22.776000000 0.475945686109 0.321958689954 0.153986996155
22.794000000 0.475358073679 0.299107426769 0.17625064691
22.812000000 0.474775915279 0.271907797589 0.20286811769
22.830000000 0.47419925123 0.239068539705 0.235130711526
22.848000000 0.473628120923 0.199274693791 0.274353427132
22.866000000 0.473062562827 0.152615688632 0.320446874194
22.884000000 0.472502614501 0.108786600553 0.363716013948
22.902000000 0.471948312609 0.115055881731 0.356892430878
22.920000000 0.471399692928 0.200351219424 0.271048473504
22.938000000 0.470856790361 0.320590498013 0.150266292348
22.956000000 0.470319638948 0.420461164687 0.0498584742612
22.974000000 0.469788271877 0.409062343324 0.0607259285532
22.992000000 0.469262721496 0.275267539729 0.193995181766
23.010000000 0.468743019322 0.20909475636 0.259648262962
23.028000000 0.468229196054 0.257298194266 0.210931001788
23.046000000 0.467721281583 0.314461730513 0.15325955107
23.064000000 0.467219305 0.355011322823 0.112207982176
23.082000000 0.466723294609 0.381483876659 0.0852394179503
23.100000000 0.466233277938 0.39837983629 0.0678534416486
23.118000000 0.465749281746 0.408960144772 0.056789136974
23.136000000 0.465271332033 0.415339665481 0.0499316665521
23.154000000 0.464799454053 0.418865050827 0.0459344032264
23.172000000 0.46433367232 0.420396420464 0.0439372518559
23.190000000 0.463874010618 0.420485791754 0.0433882188647
23.208000000 0.463420492014 0.419485816625 0.0439346753888
23.226000000 0.462973138858 0.417615245006 0.0453578938523
23.244000000 0.462531972803 0.414997560336 0.0475344124677
23.262000000 0.462097014805 0.411682204927 0.0504148098776
23.280000000 0.461668285134 0.407653242262 0.054015042872
23.298000000 0.461245803384 0.402827038178 0.0584187652063
23.316000000 0.46082958848 0.397037506895 0.0637920815844
23.334000000 0.460419658682 0.390003428131 0.0704162305508
23.352000000 0.460016031601 0.381265289161 0.0787507424394
23.370000000 0.459618724197 0.370065122008 0.0895536021883
23.388000000 0.459227752792 0.355115075751 0.104112677041
23.406000000 0.458843133078 0.334161394995 0.124681738083
23.424000000 0.458464880117 0.30338562748 0.155079252637
23.442000000 0.458093008356 0.259453030736 0.19863997762
23.460000000 0.457727531627 0.236634159709 0.221093371919
23.478000000 0.457368463157 0.373818852868 0.0835496102891
23.496000000 0.457015815571 0.509402684004 0.0523868684333
23.514000000 0.4566696009 0.528876548352 0.0722069474522
23.532000000 0.456329830585 0.517070200241 0.0607403696556
23.550000000 0.455996515485 0.503059775248 0.047063259763
23.568000000 0.455669665878 0.491275976245 0.0356063103673
23.586000000 0.455349291468 0.481784806125 0.026435514657
23.604000000 0.455035401392 0.474080051152 0.0190446497605
23.622000000 0.454728004218 0.467703517039 0.0129755128201
23.640000000 0.454427107957 0.462313773575 0.0078866656177
23.658000000 0.45413272006 0.45766491783 0.00353219777022
23.676000000 0.453844847425 0.45357881211 0.000266035315441
23.694000000 0.453563496403 0.449923936356 0.00363956004728
23.712000000 0.453288672795 0.44660091143 0.00668776136433
23.730000000 0.453020381859 0.443532941098 0.00948744076068
23.748000000 0.452758628313 0.440659727658 0.0120989006548
23.766000000 0.452503416336 0.43793397159 0.0145694447463
23.784000000 0.452254749572 0.435320022137 0.0169347274342
23.802000000 0.452012631128 0.432794533439 0.0192180976883
23.820000000 0.451777063581 0.430348994121 0.0214280694593
23.838000000 0.451548048976 0.427993497268 0.0235545517075
23.856000000 0.451325588828 0.425759803 0.0255657858285
23.874000000 0.451109684125 0.423699756774 0.0274099273513
23.892000000 0.450900335326 0.421874084294 0.0290262510323
23.910000000 0.450697542362 0.420329899994 0.030367642368
23.928000000 0.450501304638 0.419074528152 0.0314267764857
23.946000000 0.45031162103 0.418061603278 0.0322500177518
23.964000000 0.45012848989 0.417200699965 0.0329277899253
23.982000000 0.449951909039 0.416384504301 0.0335674047377
24.000000000 0.44978187577 0.415515828157 0.0342660476126
